2215249
2215574
2218089
2218587
2218731
2219800
2219801
2219802
2219803
2219806
2219808
2219810
2219812
2219813
2219814
2219815
2219816
2219817
2219818
2219819
2219820
2219821
2219822
2219823
2219826
2219828
2219829
2219832
2219951
2219953
2219955
2219961
2219962
2220008
2220010
2220047
2220102
2220103
2220104
2220105
2220106
2220107
2220108
2220109
2220110
2220111
2220127
2220128
2220143
2220307
2220320
2220329
2220338
2220357
2220373
2220389
2220406
2220432
2220441
2220446
2220463
2220568
2220752
2220787
2220913
2221575
2221715
2221810
2221811
2221848
2222875
2222877
2222889
2222891
2222895
2222923
8749245
8749251
8749254
8749260
8749329
8749331
8749332
8749333
8749335
8749357
8749420
8749434
8749440
8749442
8749444
8749447
8749450
8749453
8749467
8749470
8749473
8749475
8749506
8749519
8749522
8749525
8749529
8749530
8749531
8749589
8749633
8749640
8749649
8749653
8749654
8749660
8749821
8749824
8749827
8749830
8749833
8749853
8749857
8749866
8749869
8749894
8749898
8749900
8749902
8749923
8749924
8749925
8749943
8749950
8749951
8749964
8749967
8749969
8749974
8749982
8749984
8749987
8749992
8750011
8750022
8750024
8750026
8750033
8750038
8750043
8750045
8750056
8750062
8750063
8750069
8750072
8750074
8750076
8750078
8750080
8750082
8750084
8750146
8750167
8750177
8750187
8750198
8750226
8750236