2215574
8749866
8749869
8749925
8749943
8749830
8749827
8749824
8749833
8749950
8749924
8749974
8749964
2215249
2218587
8749967
8749969
8749951
8750146
8749982
8749984
8749710
8749987
8749992
2219803
2222891
8750022
8750024
8750011
8750177
8750026
8750167
8750033
8750045
8750043
8750038
8750056
8750063
2218089
8750187
2220108
8750198
8749245
8749251
8749254
2219819
2219821
2219820
2220307
2220441
2218731
8749260
2219822
8749440
2219823
8750215
8749329
2219808
8749331
8749335
2219810
2219800
2220406
2219801
2220111
8750069
2220109
2219812
2220127
2220104
2219813
8750084
8750082
2220008
2220373
2219832
2220389
8750074
8750076
8750078
8750080
2219816
2219817
2219814
8750062
8750072
8750226
2220128
2219806
2219953
2219962
2219961
8749357
8749333
2219955
2219951
8749332
8750236
8749420
2221811
2219829
2219802
8750246
2220010
8749434
2221810
8749453
2220105
8749444
2220110
2220143
2220103
2220913
2220107
2219815
2220047
2219818
2219826
2219828
2220787
2220106
2220432
2220568
2220446
2220102
8749519
8749522
2220329
8749525
8749529
8749530
8749531
8749589
2220338
2220320
2220357
2220463
8749633
8749640
8749649
8749653
8749654
8749506
8749473
8749475
8749470
2220752
2221575
2221715
2222875
8749442
2221848
2222877
2222889
2222895
8749660
2222923
8749450
8749447
8749853
8749857
8749894
8749900
8749898
8749902
8749467
8749923
8749821