1021057
1021067
1021073
1021079
1021123
1021131
1021137
1021152
1021166
1021183
1021200
1021217
1021251
1021271
1021381
1021393
1021875
1021887
1021904
1021916
1021962
1021970
1021979
1022133
1022144
1022160
1022170
1022188
1022283
1022297
1022357
1022379
1022721
1022738
1022992
1023440
1023453
1023471
1023479
1023508
1024369
1024375
1024384
1024393
1024442
1024455
1024498
1024543
1024580
1024586
1024592
1024709
1024715
1024721
1024727
1024733
1024739
1024870
1025051
1025266
1025373
1026132
1026470
1026476
1026482
1026517
1026532
1026541
1026557
1026906
1035165
1035202
1035472
1035496
1036338
1036694
1037233
1037715
1037763
1037836
1038046
1038077
1038168
1045356
1045393
1045457
1045564
1045725
1045738
1045769
1045814
1045823
1045884
1045889
1045894
1045899
1046403
1046701
1046818